[coords]
phi = 0.027763
x0 = 322.267
y0 = 524.473
alpha = 0.787745
r = 1082.1
